spatula:
  ll:
    x: -0.467041969299
    y: 0.381439208984
    z: 0.964346170425
  lr: 
    x: -0.0325608253479
    y: 0.379172801971
    z: 0.970687627792
  ur: 
    x: 0.0003966614604
    y: -1.2810049057
    z: -0.00160074234009
  ul: 
    x: -0.485357701778
    y: 0.140309810638
    z: 1.30512547493
